02 00 00 00 00 00 00 00 00 00 00 05 00 00 00 03 00 00 00 00 00 00 05 00 00 05 00 00 00 00 00 00 03 00 00 00 05 00 00 00 00 00 00 00 00 00 00 02 00 00 0 0 0 0 0 0 0
02 00 00 00 00 00 00 00 00 00 00 05 00 00 00 03 00 00 00 00 00 00 05 00 00 05 00 00 00 00 00 00 03 00 00 00 05 00 00 00 00 00 00 00 00 00 00 02 00 00 2 1 0 0 0 0 2
02 00 00 00 00 00 00 00 00 00 00 05 00 00 00 03 00 00 00 00 01 00 04 00 00 05 00 00 00 00 00 00 03 00 00 00 05 00 00 00 00 00 00 00 00 00 00 02 00 00 2 0 0 0 0 1 2
02 00 00 00 00 00 00 00 00 00 00 05 00 00 00 03 01 00 00 00 00 00 04 00 00 05 00 00 00 00 00 00 03 00 00 00 05 00 00 00 00 00 00 00 00 00 00 02 00 00 6 2 0 0 1 0 2
02 00 00 00 00 00 00 00 00 00 00 05 00 00 00 02 01 00 00 00 00 00 04 00 00 05 00 01 00 00 00 00 03 00 00 00 05 00 00 00 00 00 00 00 00 00 00 02 00 00 0 2 0 0 1 1 2
02 00 00 00 00 00 00 00 00 00 00 05 00 00 00 02 01 00 00 00 00 00 04 00 00 05 00 00 00 00 00 01 03 00 00 00 05 00 00 00 00 00 00 00 00 00 00 02 00 00 6 5 0 0 0 0 2
02 00 00 00 01 00 00 00 00 00 00 05 00 00 00 02 00 00 00 00 00 00 04 00 00 05 00 00 00 00 00 01 03 00 00 00 05 00 00 00 00 00 00 00 00 00 00 02 00 00 0 5 0 0 0 1 2
02 00 00 00 01 00 00 00 00 00 00 05 00 00 00 02 00 00 00 00 00 00 05 00 00 05 00 00 00 00 00 01 02 00 00 00 05 00 00 00 00 00 00 00 00 00 00 02 00 00 6 5 0 0 1 0 2
02 00 00 00 01 00 00 00 00 00 00 05 00 00 00 02 00 00 00 00 00 00 05 00 00 05 00 00 00 00 00 00 02 00 00 00 05 00 00 00 00 00 00 01 00 00 00 02 00 00 0 5 0 0 1 1 2
02 00 00 00 01 00 00 00 00 00 00 05 00 00 00 02 00 00 00 00 00 00 05 00 00 04 00 00 00 00 00 00 02 00 00 01 05 00 00 00 00 00 00 01 00 00 00 02 00 00 3 4 0 0 0 0 2
02 00 00 00 01 00 00 00 00 00 00 05 00 00 00 02 01 00 00 00 00 00 04 00 00 04 00 00 00 00 00 00 02 00 00 01 05 00 00 00 00 00 00 01 00 00 00 02 00 00 0 4 0 0 0 1 2
02 00 00 00 01 00 00 00 01 00 00 05 00 00 00 02 00 00 00 00 00 00 04 00 00 04 00 00 00 00 00 00 02 00 00 01 05 00 00 00 00 00 00 01 00 00 00 02 00 00 5 2 0 0 1 0 2
02 00 00 00 01 00 00 00 01 00 00 05 00 00 00 02 00 00 00 00 00 00 04 00 00 04 00 00 00 00 00 00 02 00 00 00 05 00 00 00 00 00 00 01 00 01 00 02 00 00 0 2 0 0 1 1 2
02 00 00 00 01 00 00 00 01 00 00 05 00 00 00 02 00 00 00 00 00 00 04 00 00 04 00 00 00 00 00 00 02 00 00 00 05 00 00 00 00 00 00 00 00 01 00 03 00 00 1 1 1 1 0 0 4
02 00 00 00 01 00 01 00 00 00 00 05 00 00 00 02 00 00 00 00 00 00 04 00 00 04 00 00 00 00 00 00 02 00 00 00 05 00 00 00 00 00 00 00 00 01 00 03 00 00 0 1 1 1 0 1 4
02 00 00 00 02 00 00 00 00 00 00 05 00 00 00 02 00 00 00 00 00 00 04 00 00 04 00 00 00 00 00 00 02 00 00 00 05 00 00 00 00 00 00 00 00 01 00 03 00 00 0 0 1 1 0 2 4
02 00 00 00 02 00 00 00 00 00 00 05 00 00 00 02 00 00 00 00 00 00 04 00 00 04 00 00 00 00 00 00 02 00 01 00 04 00 00 00 00 00 00 00 00 01 00 03 00 00 0 0 0 1 0 3 4
02 00 00 00 02 00 00 00 00 00 00 05 00 00 00 02 00 00 00 00 00 00 04 00 00 04 00 00 00 00 00 00 03 00 00 00 04 00 00 00 00 00 00 00 00 01 00 03 00 00 6 6 6 6 1 0 4
02 00 00 00 02 00 00 00 00 00 00 05 00 00 00 01 00 00 00 00 00 00 04 00 00 04 00 01 00 00 00 00 03 00 00 00 04 00 00 00 00 00 00 00 00 01 00 03 00 00 0 6 6 6 1 1 4
02 00 00 00 02 00 00 00 00 00 00 05 00 00 00 01 00 00 00 00 00 00 04 00 00 04 00 00 00 00 00 00 03 00 00 00 04 00 00 01 00 00 00 00 00 01 00 03 00 00 0 0 6 6 1 2 4
02 00 00 00 02 00 00 00 00 00 00 05 00 00 00 00 00 00 00 00 00 00 04 00 00 04 00 01 00 00 00 00 03 00 00 00 04 00 00 01 00 00 00 00 00 01 00 03 00 00 0 0 0 6 1 3 4
02 00 00 00 02 00 00 00 00 00 00 05 00 00 00 00 00 00 00 00 00 00 04 00 00 04 00 00 00 00 00 00 03 00 00 00 04 00 00 02 00 00 00 00 00 01 00 03 00 00 1 5 0 0 0 0 2
02 00 00 00 02 00 00 00 00 00 00 05 00 00 00 00 00 00 00 00 00 00 05 00 00 04 00 00 00 00 00 00 02 00 00 00 04 00 00 02 00 00 00 00 00 01 00 03 00 00 1 0 0 0 0 1 2
02 00 01 00 01 00 00 00 00 00 00 05 00 00 00 00 00 00 00 00 00 00 05 00 00 04 00 00 00 00 00 00 02 00 00 00 04 00 00 02 00 00 00 00 00 01 00 03 00 00 5 1 0 0 1 0 2
02 00 01 00 01 00 00 00 00 00 00 05 00 00 00 00 00 00 00 00 00 00 05 00 00 03 00 00 00 00 00 00 02 00 00 01 04 00 00 02 00 00 00 00 00 01 00 03 00 00 0 1 0 0 1 1 2
02 00 01 00 01 00 00 00 00 00 00 05 00 00 00 00 00 00 00 00 00 00 05 00 00 03 00 00 00 00 00 00 02 00 00 01 04 00 00 02 00 00 00 00 00 00 00 04 00 00 6 2 0 0 0 0 2
02 00 01 00 01 00 00 00 00 00 00 05 00 00 00 00 00 00 00 00 01 00 05 00 00 03 00 00 00 00 00 00 01 00 00 01 04 00 00 02 00 00 00 00 00 00 00 04 00 00 0 2 0 0 0 1 2
03 00 01 00 00 00 00 00 00 00 00 05 00 00 00 00 00 00 00 00 01 00 05 00 00 03 00 00 00 00 00 00 01 00 00 01 04 00 00 02 00 00 00 00 00 00 00 04 00 00 5 1 0 0 1 0 2
03 00 01 00 00 00 00 00 00 00 00 04 00 00 00 00 00 00 00 00 00 01 05 00 00 03 00 00 00 00 00 00 01 00 00 01 04 00 00 02 00 00 00 00 00 00 00 04 01 00 0 1 0 0 1 1 2
03 00 01 00 00 00 00 00 00 00 00 04 00 00 00 00 00 00 00 00 00 01 05 00 00 03 00 00 00 00 00 00 01 00 00 01 04 00 00 01 00 01 00 00 00 00 00 04 01 00 6 6 6 6 0 0 4
03 00 01 00 00 00 00 00 00 00 00 04 00 00 00 00 00 00 00 00 00 01 05 00 00 03 00 00 00 00 00 00 01 00 00 01 05 00 00 01 00 01 00 00 00 00 00 04 00 00 0 6 6 6 0 1 4
03 00 01 00 00 00 00 00 00 00 00 04 00 00 00 00 00 00 00 00 01 00 05 00 00 03 00 00 00 00 00 00 00 00 00 01 05 00 00 01 00 01 00 00 00 00 00 04 00 01 0 0 6 6 0 2 4
03 00 01 00 00 00 00 00 01 00 00 04 00 00 00 00 00 00 00 00 00 00 05 00 00 03 00 00 00 00 00 00 00 00 00 01 05 00 00 01 00 01 00 00 00 00 00 04 00 01 0 0 0 6 0 3 4
03 00 01 00 00 00 00 00 01 00 00 04 00 00 00 00 00 00 00 00 00 00 05 00 00 03 00 00 00 00 00 00 00 00 00 01 05 00 00 01 00 01 00 00 00 00 00 04 00 01 5 2 0 0 1 0 2
03 00 01 00 00 00 00 00 00 01 00 04 00 00 00 00 00 00 00 00 00 00 05 00 00 03 00 00 00 00 00 00 00 00 00 01 05 00 00 01 00 01 00 00 00 00 00 04 01 00 0 2 0 0 1 1 2
03 00 01 00 00 00 00 00 00 01 00 04 00 00 00 00 00 00 00 00 00 00 05 00 00 03 00 00 00 00 00 00 00 00 00 01 05 00 00 01 00 00 00 00 00 01 00 04 01 00 3 2 0 0 0 0 2
03 00 01 00 00 00 00 00 00 01 00 04 00 00 00 00 00 00 00 00 00 00 05 00 00 03 00 00 00 00 00 00 00 00 00 01 05 00 00 01 00 00 01 00 00 01 00 04 00 00 0 2 0 0 0 1 2
03 00 01 00 00 00 00 00 00 01 00 04 00 00 00 00 00 00 00 00 00 00 05 00 00 03 00 00 00 00 00 00 00 00 00 01 05 00 01 00 00 00 00 00 00 01 00 04 00 01 6 1 0 0 1 0 2
03 00 01 00 00 00 00 00 00 01 00 05 00 00 00 00 00 00 00 00 00 00 05 00 00 03 00 00 00 00 00 00 00 00 00 01 05 00 01 00 00 00 00 00 00 01 00 04 00 00 0 1 0 0 1 1 2
03 00 01 00 00 00 00 00 00 01 00 05 00 00 00 00 00 00 00 00 00 00 05 00 00 03 00 00 00 00 00 00 00 00 00 01 05 00 01 00 00 00 00 00 00 00 00 05 00 00 2 4 0 0 0 0 2
03 00 01 00 00 00 00 00 00 01 00 05 00 00 00 00 00 00 00 00 00 00 05 00 00 03 00 00 00 00 00 00 00 00 01 00 05 00 00 00 00 00 00 00 00 00 00 05 00 01 0 4 0 0 0 1 2
03 00 01 00 00 00 00 00 00 01 00 05 00 00 00 00 00 00 00 00 00 00 05 00 00 03 01 00 00 00 00 00 00 00 00 00 05 00 00 00 00 00 00 00 00 00 00 05 00 01 4 5 0 0 1 0 2
03 00 01 00 00 00 00 01 00 01 00 05 00 00 00 00 00 00 00 00 00 00 05 00 00 03 01 00 00 00 00 00 00 00 00 00 05 00 00 00 00 00 00 00 00 00 00 05 00 00 0 5 0 0 1 1 2
03 00 01 00 00 00 00 01 00 01 00 05 00 00 00 00 00 00 00 00 00 00 05 00 00 02 01 00 00 00 00 00 00 00 00 01 05 00 00 00 00 00 00 00 00 00 00 05 00 00 6 5 0 0 0 0 2
03 00 01 00 00 00 00 01 00 01 00 05 00 00 00 00 00 00 00 00 00 00 05 00 00 02 02 00 00 00 00 00 00 00 00 01 04 00 00 00 00 00 00 00 00 00 00 05 00 00 6 0 0 0 0 1 2
03 00 01 00 00 00 00 01 00 01 00 05 00 00 01 00 00 00 00 00 00 00 05 00 00 02 01 00 00 00 00 00 00 00 00 01 04 00 00 00 00 00 00 00 00 00 00 05 00 00 4 3 0 0 1 0 2
03 00 01 00 00 00 00 00 00 01 00 05 00 00 00 01 00 00 00 00 00 00 05 00 00 02 01 00 00 00 00 00 00 00 00 01 04 00 00 00 00 00 00 00 00 00 00 05 01 00 0 3 0 0 1 1 2
03 00 01 00 00 00 00 00 00 01 00 05 00 00 00 01 00 00 00 00 00 00 05 00 00 02 01 00 00 00 00 00 00 00 00 00 04 00 00 00 00 01 00 00 00 00 00 05 01 00 2 5 0 0 0 0 2
03 00 01 00 00 00 00 00 00 01 00 05 00 00 00 01 00 00 00 00 00 00 05 00 00 02 01 00 00 00 00 00 00 00 00 00 04 00 01 00 00 01 00 00 00 00 00 05 00 00 2 0 0 0 0 1 2
03 00 01 00 00 00 00 00 00 01 00 05 00 00 00 01 00 00 00 00 00 00 06 00 00 02 00 00 00 00 00 00 00 00 00 00 04 00 01 00 00 01 00 00 00 00 00 05 00 00 6 5 0 0 1 0 2
03 00 01 00 00 00 00 00 00 01 00 05 00 00 00 00 00 00 00 00 00 00 06 00 00 02 00 01 00 00 00 00 00 00 00 00 04 00 01 00 00 01 00 00 00 00 00 05 00 00 0 5 0 0 1 1 2
03 00 01 00 00 00 00 00 00 01 00 05 00 00 00 00 00 00 00 00 00 00 06 00 00 01 00 01 00 00 00 00 00 00 00 01 04 00 01 00 00 01 00 00 00 00 00 05 00 00 5 1 0 0 0 0 2
03 00 01 00 00 00 00 00 00 01 00 05 00 00 00 00 00 00 00 00 00 00 06 00 00 01 00 01 00 00 00 00 00 00 01 00 03 00 01 00 00 01 00 00 00 00 00 05 00 01 5 0 0 0 0 1 2
03 00 01 00 00 00 00 00 00 01 00 05 00 00 00 00 00 00 00 00 00 00 06 00 01 00 00 01 00 00 00 00 00 00 00 00 03 00 01 00 00 01 00 00 00 00 00 05 00 02 5 4 0 0 1 0 2
03 00 01 00 00 00 00 00 00 02 00 05 00 00 00 00 00 00 00 00 00 00 06 00 01 00 00 01 00 00 00 00 00 00 00 00 03 00 01 00 00 01 00 00 00 00 00 05 00 01 0 4 0 0 1 1 2
03 00 01 00 00 00 00 01 00 02 00 05 00 00 00 00 00 00 00 00 00 00 06 00 01 00 00 01 00 00 00 00 00 00 00 00 03 00 01 00 00 01 00 00 00 00 00 05 00 00 5 5 5 5 0 0 4
03 00 01 00 00 00 00 01 00 02 00 05 00 00 00 00 00 00 00 00 00 00 06 00 01 00 01 00 00 00 00 00 00 00 00 00 02 00 01 00 00 01 00 00 00 00 00 05 00 01 0 5 5 5 0 1 4
03 00 01 00 00 00 00 01 00 02 00 05 00 00 01 00 00 00 00 00 00 00 06 00 00 00 01 00 00 00 00 00 00 00 00 00 02 00 01 00 00 01 00 00 00 00 00 05 00 01 0 0 5 5 0 2 4
03 00 01 00 01 00 00 01 00 02 00 05 00 00 00 00 00 00 00 00 00 00 06 00 00 00 01 00 00 00 00 00 00 00 00 00 02 00 01 00 00 01 00 00 00 00 00 05 00 01 0 0 0 5 0 3 4
03 00 01 00 01 00 00 01 00 02 00 05 00 00 00 00 00 00 00 00 00 00 06 00 00 00 01 00 01 00 00 00 00 00 00 00 02 00 00 00 00 01 00 00 00 00 00 05 00 01 5 4 0 0 1 0 2
03 00 01 00 01 00 00 01 00 03 00 05 00 00 00 00 00 00 00 00 00 00 06 00 00 00 01 00 01 00 00 00 00 00 00 00 02 00 00 00 00 01 00 00 00 00 00 05 00 00 0 4 0 0 1 1 2
03 00 01 00 01 00 00 01 00 03 00 04 00 00 00 00 00 00 00 01 00 00 06 00 00 00 01 00 01 00 00 00 00 00 00 00 02 00 00 00 00 01 00 00 00 00 00 05 00 00 1 2 0 0 0 0 2
03 00 01 00 01 00 00 01 00 03 00 04 00 00 00 00 00 00 01 00 00 00 05 00 00 00 01 00 01 00 00 00 00 00 00 00 02 00 00 00 00 01 00 00 00 00 00 05 00 01 1 0 0 0 0 1 2
03 00 02 00 00 00 00 01 00 03 00 04 00 00 00 00 00 00 01 00 00 00 05 00 00 00 01 00 01 00 00 00 00 00 00 00 02 00 00 00 00 01 00 00 00 00 00 05 00 01 1 4 0 0 1 0 2
03 00 02 00 00 00 00 02 00 03 00 04 00 00 00 00 00 00 01 00 00 00 05 00 00 00 01 00 01 00 00 00 00 00 00 00 02 00 00 00 00 01 00 00 00 00 00 05 00 00 1 0 0 0 1 1 2
03 00 02 00 00 00 00 02 00 03 00 04 00 00 00 00 00 00 01 00 00 00 05 00 00 00 01 00 01 00 00 00 00 00 00 00 02 00 00 00 00 00 00 01 00 00 00 05 00 00 5 6 0 0 0 0 2
03 00 02 00 00 00 00 02 00 03 00 04 00 00 00 00 00 00 02 00 00 00 05 00 00 00 01 00 00 00 00 00 00 00 00 00 02 00 00 00 00 00 00 01 00 00 00 05 00 00 0 6 0 0 0 1 2
03 00 02 00 00 00 00 02 00 03 00 04 00 00 00 00 00 00 02 00 00 00 05 00 01 00 01 00 00 00 00 00 00 00 00 00 01 00 00 00 00 00 00 01 00 00 00 05 00 00 4 4 4 4 1 0 4
03 00 02 00 00 00 00 02 00 02 00 04 00 00 00 00 00 01 02 00 00 00 05 00 01 00 01 00 00 00 00 00 00 00 00 00 01 00 00 00 00 00 00 01 00 00 00 05 00 00 0 4 4 4 1 1 4
03 00 02 00 00 00 00 02 00 02 00 04 00 00 00 00 00 00 02 00 00 00 05 00 00 01 01 00 00 00 00 00 00 00 00 00 01 00 00 00 00 00 00 01 00 00 00 05 01 00 0 0 4 4 1 2 4
03 00 02 00 00 00 00 02 00 02 00 04 00 00 00 00 00 00 02 00 00 00 05 00 00 00 01 00 00 00 00 00 00 01 00 00 01 00 00 00 00 00 00 01 00 00 00 05 01 00 0 0 0 4 1 3 4
03 00 02 00 00 00 00 02 00 02 00 04 00 00 00 00 00 00 02 00 00 00 05 00 00 00 01 00 00 00 00 00 00 00 00 00 01 00 00 00 00 01 00 01 00 00 00 05 01 00 2 3 0 0 0 0 2
03 00 02 00 00 00 00 02 00 02 00 04 00 00 00 00 00 00 02 00 00 00 05 00 00 00 01 00 00 00 00 00 00 00 00 00 01 00 00 00 00 01 01 00 00 00 00 05 00 01 2 0 0 0 0 1 2
03 00 02 00 00 00 00 02 00 02 00 04 00 00 00 00 00 00 02 00 00 00 05 00 00 00 01 00 00 00 00 00 00 00 00 00 01 00 01 00 00 01 00 00 00 00 00 05 00 01 4 4 4 4 1 0 4
03 00 02 00 00 00 00 03 00 02 00 04 00 00 00 00 00 00 02 00 00 00 05 00 00 00 01 00 00 00 00 00 00 00 00 00 01 00 01 00 00 01 00 00 00 00 00 05 00 00 0 4 4 4 1 1 4
03 00 02 00 00 00 00 03 00 01 00 04 00 00 00 00 00 01 02 00 00 00 05 00 00 00 01 00 00 00 00 00 00 00 00 00 01 00 01 00 00 01 00 00 00 00 00 05 00 00 0 0 4 4 1 2 4
03 00 02 00 00 00 00 03 00 01 00 04 00 00 00 00 00 00 02 00 00 00 05 00 00 01 01 00 00 00 00 00 00 00 00 00 01 00 01 00 00 01 00 00 00 00 00 05 00 00 0 0 0 4 1 3 4
03 00 02 00 00 00 00 03 00 01 00 04 00 00 00 00 00 00 02 00 00 00 05 00 00 00 01 00 00 00 00 00 00 01 00 00 01 00 01 00 00 01 00 00 00 00 00 05 00 00 1 5 0 0 0 0 2
03 00 02 00 00 00 00 03 01 00 00 04 00 00 00 00 00 00 01 00 00 00 05 00 00 00 01 00 00 00 00 00 00 01 00 00 01 00 01 00 00 01 00 00 00 00 00 05 00 01 1 0 0 0 0 1 2
03 00 02 00 00 00 00 03 01 00 00 04 00 00 00 00 00 00 01 00 00 00 05 00 00 00 01 00 00 00 00 00 00 01 00 00 02 00 00 00 00 01 00 00 00 00 00 05 00 01 2 5 0 0 1 0 2
03 00 02 00 00 00 00 03 00 01 00 04 00 00 00 00 00 00 01 00 00 00 05 00 00 00 01 00 00 00 00 00 00 01 00 00 02 00 00 00 00 01 00 00 00 00 00 05 01 00 2 0 0 0 1 1 2
03 00 02 00 00 00 00 03 00 01 00 04 00 00 00 00 00 00 01 00 00 00 05 00 00 00 01 00 00 00 00 00 00 01 00 00 02 00 00 00 00 00 00 00 00 01 00 05 01 00 1 2 0 0 0 0 2
03 00 02 00 00 00 00 03 00 01 00 04 00 00 00 00 00 00 01 00 00 00 05 00 00 00 01 00 00 00 00 00 00 01 00 00 02 00 00 00 00 00 00 00 01 00 00 05 00 01 1 0 0 0 0 1 2
03 00 02 00 00 00 00 03 00 01 00 04 00 00 00 00 00 00 01 00 00 00 05 00 01 00 00 00 00 00 00 00 00 01 00 00 02 00 00 00 00 00 00 00 01 00 00 05 00 01 1 1 1 1 1 0 4
03 00 02 00 00 00 00 03 00 01 00 04 00 00 00 00 00 00 01 00 00 00 05 00 01 00 00 00 00 00 00 00 00 01 00 00 02 00 00 00 00 00 00 00 01 00 00 05 00 01 1 1 1 1 1 1 4
03 00 02 00 00 00 00 03 00 01 00 04 00 00 00 00 00 00 01 00 00 00 05 00 01 00 00 00 00 00 00 00 00 01 00 00 02 00 00 00 00 00 00 00 01 00 00 05 00 01 1 1 1 1 1 2 4
03 00 02 00 00 00 00 03 00 01 00 04 00 00 00 00 00 00 01 00 00 00 05 00 01 00 00 00 00 00 00 00 00 01 00 00 02 00 00 00 00 00 00 00 01 00 00 05 00 01 1 1 1 1 1 3 4
03 00 02 00 00 00 00 03 00 01 00 04 00 00 00 00 00 00 01 00 00 00 05 00 01 00 00 00 00 00 00 00 00 01 00 00 02 00 00 00 00 00 00 00 01 00 00 05 00 01 6 2 0 0 0 0 2
03 00 02 00 00 00 00 03 00 01 00 04 00 00 00 00 00 00 01 00 00 00 05 00 01 00 00 00 00 00 00 00 01 00 00 00 02 00 00 00 00 00 00 00 00 00 00 05 00 02 0 2 0 0 0 1 2
03 00 02 00 00 00 00 03 00 01 00 04 00 00 00 00 00 00 01 00 00 00 05 00 01 00 00 00 00 00 00 00 02 00 00 00 01 00 00 00 00 00 00 00 00 00 00 05 00 02 4 4 4 4 1 0 4
03 00 02 00 00 00 00 04 00 01 00 04 00 00 00 00 00 00 01 00 00 00 05 00 01 00 00 00 00 00 00 00 02 00 00 00 01 00 00 00 00 00 00 00 00 00 00 05 00 01 0 4 4 4 1 1 4
03 00 02 00 00 00 00 05 00 01 00 04 00 00 00 00 00 00 01 00 00 00 05 00 01 00 00 00 00 00 00 00 02 00 00 00 01 00 00 00 00 00 00 00 00 00 00 05 00 00 0 0 4 4 1 2 4
03 00 02 00 00 00 00 05 00 01 00 03 00 00 00 00 00 00 00 01 00 00 05 00 01 00 00 00 00 00 00 00 02 00 00 00 01 00 00 00 00 00 00 00 00 00 00 05 01 00 0 0 0 4 1 3 4
03 00 02 00 00 00 00 05 00 01 00 03 00 00 00 00 00 00 00 00 00 00 05 00 01 00 00 01 00 00 00 00 02 00 00 00 01 00 00 00 00 00 00 00 00 00 00 05 01 00 6 4 0 0 0 0 2
03 00 02 00 00 00 00 05 00 01 00 03 00 00 00 00 00 00 00 00 00 00 05 00 01 00 00 01 00 00 00 00 02 00 00 00 02 00 00 00 00 00 00 00 00 00 00 05 00 00 0 4 0 0 0 1 2
03 00 02 00 00 00 00 05 00 01 00 03 00 00 00 00 00 00 00 00 00 00 05 00 02 00 00 01 00 00 00 00 01 00 00 00 02 00 00 00 00 00 00 00 00 00 00 05 00 00 1 6 0 0 1 0 2
03 00 02 00 00 00 00 05 00 01 00 03 00 00 00 00 00 00 00 00 00 00 05 00 02 00 00 00 00 01 00 00 01 00 00 00 02 00 00 00 00 00 00 00 00 00 00 05 00 00 0 6 0 0 1 1 2
03 00 02 00 00 00 00 05 00 01 00 03 00 00 00 00 00 00 00 00 00 00 05 00 02 00 00 00 00 00 00 00 01 00 00 00 02 00 00 00 00 01 00 00 00 00 00 05 00 00 2 4 0 0 0 0 2
03 00 02 00 00 00 00 05 00 01 00 03 00 00 00 00 00 00 00 00 00 00 05 00 03 00 00 00 00 00 00 00 00 00 00 00 02 00 00 00 00 01 00 00 00 00 00 05 00 00 2 0 0 0 0 1 2
03 00 02 00 00 00 00 05 00 01 00 03 00 00 00 00 00 00 00 00 00 00 05 00 03 00 00 00 00 00 00 00 01 00 00 00 01 00 00 00 00 01 00 00 00 00 00 05 00 00 1 4 0 0 1 0 2
03 00 02 00 00 00 00 05 00 01 00 03 00 00 00 00 00 00 00 00 00 00 05 00 03 00 00 00 00 00 00 00 01 00 00 00 01 00 00 00 00 00 00 01 00 00 00 05 00 00 0 4 0 0 1 1 2
03 00 02 00 00 00 00 05 00 01 00 02 00 00 00 00 00 00 00 01 00 00 05 00 03 00 00 00 00 00 00 00 01 00 00 00 01 00 00 00 00 00 00 01 00 00 00 05 00 00 6 5 0 0 0 0 2
03 00 02 00 00 00 00 05 00 01 00 02 00 00 00 00 00 00 00 01 00 00 05 00 04 00 00 00 00 00 00 00 01 00 00 00 00 00 00 00 00 00 00 01 00 00 00 05 00 00 0 5 0 0 0 1 2
03 00 02 00 00 00 00 05 00 01 00 02 00 00 00 00 00 00 00 01 00 00 06 00 04 00 00 00 00 00 00 00 00 00 00 00 00 00 00 00 00 00 00 01 00 00 00 05 00 00 1 1 1 1 1 0 4
03 00 02 00 00 00 00 05 00 01 00 02 00 00 00 00 00 00 00 01 00 00 06 00 04 00 00 00 00 00 00 00 00 00 00 00 00 00 00 00 00 00 00 00 00 01 00 05 00 00 0 1 1 1 1 1 4
03 00 02 00 00 00 00 05 00 01 00 02 00 00 00 00 00 00 00 01 00 00 06 00 04 00 00 00 00 00 00 00 00 00 00 00 00 00 00 00 00 00 00 00 00 00 00 06 00 00 0 0 1 1 1 2 4
03 00 02 00 00 00 00 05 00 01 00 02 00 00 00 00 00 00 00 00 00 01 06 00 04 00 00 00 00 00 00 00 00 00 00 00 00 00 00 00 00 00 00 00 00 00 00 06 00 00 0 0 0 1 1 3 4
03 00 02 00 00 00 00 05 00 01 00 01 00 01 00 00 00 00 00 00 00 01 06 00 04 00 00 00 00 00 00 00 00 00 00 00 00 00 00 00 00 00 00 00 00 00 00 06 00 00 6 2 0 0 0 0 2
03 00 02 00 00 00 00 05 00 01 00 01 01 00 00 00 00 00 00 00 00 01 06 00 03 00 00 00 00 00 00 00 00 00 00 00 00 00 00 00 00 00 00 00 00 00 00 06 00 01 0 2 0 0 0 1 2
03 00 02 00 00 00 00 05 01 00 00 01 00 00 00 00 00 00 00 00 00 01 06 00 03 00 00 00 00 00 00 00 00 00 00 00 00 00 00 00 00 00 00 00 00 00 00 06 00 02 1 6 0 0 1 0 2
03 00 02 00 00 00 00 05 01 00 00 02 00 00 00 00 00 00 00 00 00 01 06 00 03 00 00 00 00 00 00 00 00 00 00 00 00 00 00 00 00 00 00 00 00 00 00 06 00 01 1 0 0 0 1 1 2
03 00 02 00 00 00 00 05 01 00 00 02 00 00 00 00 00 00 00 00 00 01 06 00 03 00 00 00 00 00 00 00 00 00 00 00 00 00 00 00 00 00 00 00 00 00 00 06 00 01 4 1 0 0 0 0 2
04 00 02 00 00 00 00 05 00 00 00 02 00 00 00 00 00 00 00 00 00 01 06 00 03 00 00 00 00 00 00 00 00 00 00 00 00 00 00 00 00 00 00 00 00 00 00 06 00 01 0 1 0 0 0 1 2
04 00 02 00 00 00 00 05 00 00 00 02 00 00 00 00 00 00 00 00 01 00 05 00 03 00 00 00 00 00 00 00 00 00 00 00 00 00 00 00 00 00 00 00 00 00 00 06 00 02 6 2 0 0 1 0 2
04 00 02 00 00 00 00 05 00 00 00 03 00 00 00 00 00 00 00 00 01 00 05 00 03 00 00 00 00 00 00 00 00 00 00 00 00 00 00 00 00 00 00 00 00 00 00 06 00 01 0 2 0 0 1 1 2
04 00 02 00 00 00 00 05 00 00 00 03 00 00 00 00 00 00 00 00 01 00 05 00 03 00 00 00 00 00 00 00 00 00 00 00 00 00 00 00 00 00 00 00 00 00 00 06 00 01 1 2 0 0 0 0 2
04 00 02 00 00 00 00 05 00 00 00 03 00 00 00 00 00 00 00 00 02 00 04 00 03 00 00 00 00 00 00 00 00 00 00 00 00 00 00 00 00 00 00 00 00 00 00 06 00 01 0 2 0 0 0 1 2
04 00 02 00 00 00 00 05 00 00 00 03 00 00 00 00 00 00 00 00 03 00 04 00 02 00 00 00 00 00 00 00 00 00 00 00 00 00 00 00 00 00 00 00 00 00 00 06 00 01 6 2 0 0 1 0 2
04 00 02 00 00 00 00 05 00 00 00 04 00 00 00 00 00 00 00 00 03 00 04 00 02 00 00 00 00 00 00 00 00 00 00 00 00 00 00 00 00 00 00 00 00 00 00 06 00 00 0 2 0 0 1 1 2
04 00 02 00 00 00 00 05 00 00 00 03 00 00 00 01 00 00 00 00 03 00 04 00 02 00 00 00 00 00 00 00 00 00 00 00 00 00 00 00 00 00 00 00 00 00 00 06 00 00 2 3 0 0 0 0 2
04 00 02 00 00 00 00 05 00 00 00 03 00 00 01 00 00 00 00 00 02 00 04 00 02 00 00 00 00 00 00 00 00 00 00 00 00 00 00 00 00 00 00 00 00 00 00 06 00 01 2 0 0 0 0 1 2
04 00 02 00 00 00 00 05 00 00 00 03 00 00 01 00 00 00 00 00 03 00 04 00 01 00 00 00 00 00 00 00 00 00 00 00 00 00 00 00 00 00 00 00 00 00 00 06 00 01 1 1 1 1 1 0 4
04 00 02 00 00 00 00 05 00 00 00 03 00 00 01 00 00 00 00 00 03 00 04 00 01 00 00 00 00 00 00 00 00 00 00 00 00 00 00 00 00 00 00 00 00 00 00 06 00 01 1 1 1 1 1 1 4
04 00 02 00 00 00 00 05 00 00 00 03 00 00 01 00 00 00 00 00 03 00 04 00 01 00 00 00 00 00 00 00 00 00 00 00 00 00 00 00 00 00 00 00 00 00 00 06 00 01 1 1 1 1 1 2 4
04 00 02 00 00 00 00 05 00 00 00 03 00 00 01 00 00 00 00 00 03 00 04 00 01 00 00 00 00 00 00 00 00 00 00 00 00 00 00 00 00 00 00 00 00 00 00 06 00 01 1 1 1 1 1 3 4
04 00 02 00 00 00 00 05 00 00 00 03 00 00 01 00 00 00 00 00 03 00 04 00 01 00 00 00 00 00 00 00 00 00 00 00 00 00 00 00 00 00 00 00 00 00 00 06 00 01 6 5 0 0 0 0 2
04 00 03 00 00 00 00 05 00 00 00 03 00 00 00 00 00 00 00 00 03 00 04 00 01 00 00 00 00 00 00 00 00 00 00 00 00 00 00 00 00 00 00 00 00 00 00 06 00 01 0 5 0 0 0 1 2
04 00 03 00 00 00 00 05 00 00 00 03 00 00 01 00 00 00 00 00 03 00 04 00 00 00 00 00 00 00 00 00 00 00 00 00 00 00 00 00 00 00 00 00 00 00 00 06 00 01 4 5 0 0 1 0 2
04 00 03 00 00 00 00 06 00 00 00 03 00 00 01 00 00 00 00 00 03 00 04 00 00 00 00 00 00 00 00 00 00 00 00 00 00 00 00 00 00 00 00 00 00 00 00 06 00 00 0 5 0 0 1 1 2
04 00 03 00 00 00 00 05 00 00 00 03 00 00 01 00 00 01 00 00 03 00 04 00 00 00 00 00 00 00 00 00 00 00 00 00 00 00 00 00 00 00 00 00 00 00 00 06 00 00 3 5 0 0 0 0 2
04 00 03 00 00 00 00 05 00 00 00 03 00 00 01 00 01 00 00 00 03 00 03 00 00 00 00 00 00 00 00 00 00 00 00 00 00 00 00 00 00 00 00 00 00 00 00 06 00 01 0 5 0 0 0 1 2
04 00 03 00 01 00 00 05 00 00 00 03 00 00 00 00 01 00 00 00 03 00 03 00 00 00 00 00 00 00 00 00 00 00 00 00 00 00 00 00 00 00 00 00 00 00 00 06 00 01 2 1 0 0 1 0 2
04 00 03 00 01 00 00 05 00 00 00 03 00 00 00 00 01 00 00 00 03 00 03 00 00 00 00 00 00 00 00 00 00 00 00 00 00 00 00 00 00 00 00 00 00 00 00 06 00 01 2 1 0 0 1 1 2
04 00 03 00 01 00 00 05 00 00 00 03 00 00 00 00 01 00 00 00 03 00 03 00 00 00 00 00 00 00 00 00 00 00 00 00 00 00 00 00 00 00 00 00 00 00 00 06 00 01 5 3 0 0 0 0 2
04 00 03 00 01 00 00 05 00 00 00 03 00 00 01 00 01 00 00 00 02 00 03 00 00 00 00 00 00 00 00 00 00 00 00 00 00 00 00 00 00 00 00 00 00 00 00 06 00 01 5 0 0 0 0 1 2
04 00 03 00 02 00 00 05 00 00 00 03 00 00 00 00 01 00 00 00 02 00 03 00 00 00 00 00 00 00 00 00 00 00 00 00 00 00 00 00 00 00 00 00 00 00 00 06 00 01 5 5 5 5 1 0 4
04 00 03 00 02 00 00 05 00 01 00 03 00 00 00 00 01 00 00 00 02 00 03 00 00 00 00 00 00 00 00 00 00 00 00 00 00 00 00 00 00 00 00 00 00 00 00 06 00 00 0 5 5 5 1 1 4
04 00 03 00 02 00 00 04 00 01 00 03 00 00 00 00 00 01 00 00 02 00 03 00 00 00 00 00 00 00 00 00 00 00 00 00 00 00 00 00 00 00 00 00 00 00 00 06 01 00 0 0 5 5 1 2 4
04 00 03 00 02 00 00 04 00 01 00 03 00 00 00 00 00 00 00 00 02 00 03 00 00 00 00 01 00 00 00 00 00 00 00 00 00 00 00 00 00 00 00 00 00 00 00 06 01 00 0 0 0 5 1 3 4
04 00 03 00 02 00 00 04 00 01 00 03 00 00 00 00 00 00 00 00 02 00 03 00 00 00 00 00 00 00 00 00 00 00 00 00 00 01 00 00 00 00 00 00 00 00 00 06 01 00 1 1 1 1 0 0 4
04 00 03 00 02 00 00 04 00 01 00 03 00 00 00 00 00 00 00 00 02 00 03 00 00 00 00 00 00 00 00 00 00 00 00 00 00 01 00 00 00 00 00 00 00 00 00 06 01 00 1 1 1 1 0 1 4
04 00 03 00 02 00 00 04 00 01 00 03 00 00 00 00 00 00 00 00 02 00 03 00 00 00 00 00 00 00 00 00 00 00 00 00 00 01 00 00 00 00 00 00 00 00 00 06 01 00 1 1 1 1 0 2 4
04 00 03 00 02 00 00 04 00 01 00 03 00 00 00 00 00 00 00 00 02 00 03 00 00 00 00 00 00 00 00 00 00 00 00 00 00 01 00 00 00 00 00 00 00 00 00 06 01 00 1 1 1 1 0 3 4
04 00 03 00 02 00 00 04 00 01 00 03 00 00 00 00 00 00 00 00 02 00 03 00 00 00 00 00 00 00 00 00 00 00 00 00 00 01 00 00 00 00 00 00 00 00 00 06 01 00 6 6 6 6 1 0 4
04 00 03 00 02 00 00 03 00 01 00 03 00 00 00 00 00 00 00 01 02 00 03 00 00 00 00 00 00 00 00 00 00 00 00 00 00 01 00 00 00 00 00 00 00 00 00 06 01 00 0 6 6 6 1 1 4
04 00 03 00 02 00 00 03 00 01 00 03 00 00 00 00 00 00 00 00 02 00 03 00 00 00 00 00 00 00 00 01 00 00 00 00 00 01 00 00 00 00 00 00 00 00 00 06 01 00 0 0 6 6 1 2 4
04 00 03 00 02 00 00 03 00 01 00 03 00 00 00 00 00 00 00 00 02 00 03 00 00 00 00 00 00 00 00 00 00 00 00 00 00 01 00 00 00 00 00 01 00 00 00 06 01 00 0 0 0 6 1 3 4
04 00 03 00 02 00 00 02 00 01 00 03 00 00 00 00 00 00 00 01 02 00 03 00 00 00 00 00 00 00 00 00 00 00 00 00 00 01 00 00 00 00 00 01 00 00 00 06 01 00 3 6 0 0 0 0 2
04 00 03 00 02 00 00 02 00 01 00 03 00 00 00 00 00 00 00 01 02 00 03 00 00 00 00 00 00 00 00 00 00 00 00 00 01 00 00 00 00 00 00 01 00 00 00 06 00 01 3 0 0 0 0 1 2
04 00 03 00 02 00 00 02 00 01 00 03 00 00 00 00 00 00 00 01 02 00 03 00 00 00 00 00 00 00 01 00 00 00 00 00 00 00 00 00 00 00 00 01 00 00 00 06 00 01 5 6 0 0 1 0 2
04 00 03 00 02 00 00 02 00 02 00 03 00 00 00 00 00 00 00 01 02 00 03 00 00 00 00 00 00 00 01 00 00 00 00 00 00 00 00 00 00 00 00 01 00 00 00 06 00 00 0 6 0 0 1 1 2
04 00 03 00 02 00 00 02 00 02 00 03 00 00 00 00 00 00 00 00 02 00 03 00 00 00 00 00 00 00 00 01 00 00 00 00 00 00 00 00 00 00 00 01 00 00 00 06 01 00 2 1 0 0 0 0 2
04 00 03 00 02 00 00 02 00 02 00 03 00 00 00 00 00 00 00 00 02 00 03 00 00 00 00 00 00 00 00 01 00 00 00 00 00 00 00 00 00 00 00 01 01 00 00 06 00 00 0 1 0 0 0 1 2
04 00 03 00 02 00 00 02 00 02 00 03 00 00 00 00 00 00 00 00 02 00 03 00 00 00 00 00 00 00 00 01 00 00 00 00 00 00 00 00 00 00 01 00 00 00 00 06 00 01 6 1 0 0 1 0 2
04 00 03 00 02 00 00 02 00 02 00 04 00 00 00 00 00 00 00 00 02 00 03 00 00 00 00 00 00 00 00 01 00 00 00 00 00 00 00 00 00 00 01 00 00 00 00 06 00 00 0 1 0 0 1 1 2
04 00 03 00 02 00 00 02 00 02 00 04 00 00 00 00 00 00 00 00 02 00 03 00 00 00 00 00 00 00 00 00 00 01 00 00 00 00 00 00 00 00 01 00 00 00 00 06 00 00 5 6 0 0 0 0 2
04 00 03 00 02 00 00 02 00 02 00 04 00 00 00 00 00 00 00 00 02 00 03 00 00 00 00 00 00 00 00 00 01 00 00 00 00 00 00 00 00 00 00 00 00 00 00 06 00 01 0 6 0 0 0 1 2
04 00 03 00 02 00 00 02 00 02 00 04 00 00 00 00 00 00 00 00 03 00 03 00 00 00 00 00 00 00 00 00 00 00 00 00 00 00 00 00 00 00 00 00 00 00 00 06 00 01 6 2 0 0 1 0 2
04 00 03 00 02 00 00 02 00 02 00 05 00 00 00 00 00 00 00 00 03 00 03 00 00 00 00 00 00 00 00 00 00 00 00 00 00 00 00 00 00 00 00 00 00 00 00 06 00 00 0 2 0 0 1 1 2
04 00 03 00 02 00 00 02 00 02 00 04 00 00 00 01 00 00 00 00 03 00 03 00 00 00 00 00 00 00 00 00 00 00 00 00 00 00 00 00 00 00 00 00 00 00 00 06 00 00 4 6 0 0 0 0 2
04 00 03 00 02 00 00 02 00 02 00 04 00 00 01 00 00 00 00 00 03 00 02 00 00 00 00 00 00 00 00 00 00 00 00 00 00 00 00 00 00 00 00 00 00 00 00 06 00 01 0 6 0 0 0 1 2
04 00 04 00 02 00 00 02 00 02 00 04 00 00 00 00 00 00 00 00 03 00 02 00 00 00 00 00 00 00 00 00 00 00 00 00 00 00 00 00 00 00 00 00 00 00 00 06 00 01 4 4 4 4 1 0 4
04 00 04 00 02 00 00 03 00 02 00 04 00 00 00 00 00 00 00 00 03 00 02 00 00 00 00 00 00 00 00 00 00 00 00 00 00 00 00 00 00 00 00 00 00 00 00 06 00 00 0 4 4 4 1 1 4
04 00 04 00 02 00 00 03 00 02 00 03 00 00 00 00 00 00 00 01 03 00 02 00 00 00 00 00 00 00 00 00 00 00 00 00 00 00 00 00 00 00 00 00 00 00 00 06 00 00 0 0 4 4 1 2 4
04 00 04 00 02 00 00 03 00 02 00 03 00 00 00 00 00 00 00 00 03 00 02 00 00 00 00 01 00 00 00 00 00 00 00 00 00 00 00 00 00 00 00 00 00 00 00 06 00 00 0 0 0 4 1 3 4
04 00 04 00 02 00 00 03 00 02 00 03 00 00 00 00 00 00 00 00 03 00 02 00 00 00 00 00 00 00 00 00 00 00 00 01 00 00 00 00 00 00 00 00 00 00 00 06 00 00 5 3 0 0 0 0 2
04 00 04 00 02 00 00 03 00 02 00 03 00 00 01 00 00 00 00 00 02 00 02 00 00 00 00 00 00 00 00 00 00 00 00 01 00 00 00 00 00 00 00 00 00 00 00 06 00 00 5 0 0 0 0 1 2
04 00 04 00 03 00 00 03 00 02 00 03 00 00 00 00 00 00 00 00 02 00 02 00 00 00 00 00 00 00 00 00 00 00 00 01 00 00 00 00 00 00 00 00 00 00 00 06 00 00 6 2 0 0 1 0 2
04 00 04 00 03 00 00 03 00 02 00 03 00 00 00 00 00 00 00 00 02 00 02 00 00 00 00 00 00 00 00 00 00 00 00 00 00 00 00 00 00 00 00 00 00 00 00 07 00 00 0 2 0 0 1 1 2
04 00 04 00 03 00 00 03 00 02 00 02 00 00 00 01 00 00 00 00 02 00 02 00 00 00 00 00 00 00 00 00 00 00 00 00 00 00 00 00 00 00 00 00 00 00 00 07 00 00 2 3 0 0 0 0 2
04 00 04 00 03 00 00 03 00 02 00 02 00 00 01 00 00 00 00 00 01 00 02 00 00 00 00 00 00 00 00 00 00 00 00 00 00 00 00 00 00 00 00 00 00 00 00 07 00 01 2 0 0 0 0 1 2
04 00 04 00 03 00 00 03 00 02 00 02 00 00 01 00 01 00 00 00 00 00 02 00 00 00 00 00 00 00 00 00 00 00 00 00 00 00 00 00 00 00 00 00 00 00 00 07 00 01 1 5 0 0 1 0 2
04 00 04 00 03 00 00 03 00 03 00 02 00 00 01 00 01 00 00 00 00 00 02 00 00 00 00 00 00 00 00 00 00 00 00 00 00 00 00 00 00 00 00 00 00 00 00 07 00 00 1 0 0 0 1 1 2
04 00 04 00 03 00 00 03 00 03 00 01 00 01 01 00 01 00 00 00 00 00 02 00 00 00 00 00 00 00 00 00 00 00 00 00 00 00 00 00 00 00 00 00 00 00 00 07 00 00 6 4 0 0 0 0 2
04 00 04 00 03 00 00 03 00 03 01 00 00 01 01 00 01 00 00 00 00 00 01 00 00 00 00 00 00 00 00 00 00 00 00 00 00 00 00 00 00 00 00 00 00 00 00 07 00 01 0 4 0 0 0 1 2
04 00 05 00 03 00 00 03 00 03 00 00 00 01 01 00 01 00 00 00 00 00 01 00 00 00 00 00 00 00 00 00 00 00 00 00 00 00 00 00 00 00 00 00 00 00 00 07 00 01 1 1 1 1 1 0 4
04 00 05 00 03 00 00 03 00 03 00 00 00 01 01 00 01 00 00 00 00 00 01 00 00 00 00 00 00 00 00 00 00 00 00 00 00 00 00 00 00 00 00 00 00 00 00 07 00 01 1 1 1 1 1 1 4
04 00 05 00 03 00 00 03 00 03 00 00 00 01 01 00 01 00 00 00 00 00 01 00 00 00 00 00 00 00 00 00 00 00 00 00 00 00 00 00 00 00 00 00 00 00 00 07 00 01 1 1 1 1 1 2 4
04 00 05 00 03 00 00 03 00 03 00 00 00 01 01 00 01 00 00 00 00 00 01 00 00 00 00 00 00 00 00 00 00 00 00 00 00 00 00 00 00 00 00 00 00 00 00 07 00 01 1 1 1 1 1 3 4
04 00 05 00 03 00 00 03 00 03 00 00 00 01 01 00 01 00 00 00 00 00 01 00 00 00 00 00 00 00 00 00 00 00 00 00 00 00 00 00 00 00 00 00 00 00 00 07 00 01 1 4 0 0 0 0 2
04 00 05 00 03 00 00 03 00 03 00 00 01 00 00 00 01 00 00 00 00 00 01 00 00 00 00 00 00 00 00 00 00 00 00 00 00 00 00 00 00 00 00 00 00 00 00 07 00 02 0 4 0 0 0 1 2
04 00 05 00 04 00 00 03 00 03 00 00 00 00 00 00 01 00 00 00 00 00 01 00 00 00 00 00 00 00 00 00 00 00 00 00 00 00 00 00 00 00 00 00 00 00 00 07 00 02 1 5 0 0 1 0 2
04 00 05 00 04 00 00 03 00 04 00 00 00 00 00 00 01 00 00 00 00 00 01 00 00 00 00 00 00 00 00 00 00 00 00 00 00 00 00 00 00 00 00 00 00 00 00 07 00 01 1 0 0 0 1 1 2
04 00 05 00 04 00 00 03 00 04 00 00 00 00 00 00 01 00 00 00 00 00 01 00 00 00 00 00 00 00 00 00 00 00 00 00 00 00 00 00 00 00 00 00 00 00 00 07 00 01 3 4 0 0 0 0 2
04 00 05 00 04 00 00 03 00 04 01 00 00 00 00 00 00 00 00 00 00 00 01 00 00 00 00 00 00 00 00 00 00 00 00 00 00 00 00 00 00 00 00 00 00 00 00 07 00 01 0 4 0 0 0 1 2
04 00 06 00 04 00 00 03 00 04 00 00 00 00 00 00 00 00 00 00 00 00 01 00 00 00 00 00 00 00 00 00 00 00 00 00 00 00 00 00 00 00 00 00 00 00 00 07 00 01 2 4 0 0 1 0 2
04 00 06 00 04 00 00 04 00 04 00 00 00 00 00 00 00 00 00 00 00 00 01 00 00 00 00 00 00 00 00 00 00 00 00 00 00 00 00 00 00 00 00 00 00 00 00 07 00 00 2 0 0 0 1 1 2
04 00 06 00 04 00 00 04 00 03 00 00 00 01 00 00 00 00 00 00 00 00 01 00 00 00 00 00 00 00 00 00 00 00 00 00 00 00 00 00 00 00 00 00 00 00 00 07 00 00 1 4 0 0 0 0 2
04 00 06 00 04 00 00 04 00 03 00 00 00 01 01 00 00 00 00 00 00 00 00 00 00 00 00 00 00 00 00 00 00 00 00 00 00 00 00 00 00 00 00 00 00 00 00 07 00 00 1 0 0 0 0 1 2
04 00 06 00 04 00 00 04 00 03 00 00 01 00 00 00 00 00 00 00 00 00 00 00 00 00 00 00 00 00 00 00 00 00 00 00 00 00 00 00 00 00 00 00 00 00 00 07 00 01 4 6 0 0 1 0 2
04 00 06 00 04 00 00 05 00 03 00 00 01 00 00 00 00 00 00 00 00 00 00 00 00 00 00 00 00 00 00 00 00 00 00 00 00 00 00 00 00 00 00 00 00 00 00 07 00 00 0 6 0 0 1 1 2
04 00 06 00 04 00 00 05 00 02 00 00 01 00 00 00 00 00 00 00 00 01 00 00 00 00 00 00 00 00 00 00 00 00 00 00 00 00 00 00 00 00 00 00 00 00 00 07 00 00 2 6 0 0 0 0 2
05 00 06 00 04 00 00 05 00 02 00 00 00 00 00 00 00 00 00 00 00 01 00 00 00 00 00 00 00 00 00 00 00 00 00 00 00 00 00 00 00 00 00 00 00 00 00 07 00 00 2 0 0 0 0 1 2
05 00 05 00 04 00 00 05 00 02 00 00 00 00 00 00 00 00 00 00 00 01 00 00 00 00 00 00 00 00 00 00 00 00 00 00 00 00 00 00 00 00 00 00 00 00 00 07 00 00 3 4 0 0 1 0 2
05 00 05 00 04 00 00 05 00 02 00 00 00 00 00 00 00 00 00 00 00 00 00 00 00 00 00 01 00 00 00 00 00 00 00 00 00 00 00 00 00 00 00 00 00 00 00 07 00 00 0 4 0 0 1 1 2
05 00 05 00 04 00 00 05 00 02 00 00 00 00 00 00 00 00 00 00 00 00 00 00 00 00 00 00 00 00 00 00 00 00 00 01 00 00 00 00 00 00 00 00 00 00 00 07 00 00 2 5 0 0 0 0 2
05 00 04 00 04 00 00 05 00 02 00 00 00 00 00 00 00 00 00 00 00 00 00 00 00 00 00 00 00 00 00 00 00 00 00 01 00 00 00 00 00 00 00 00 00 00 00 07 00 00 0 5 0 0 0 1 2
05 00 04 00 03 00 00 05 00 02 00 00 00 00 00 00 00 00 00 00 00 00 00 00 00 00 00 00 00 00 00 00 00 00 00 01 00 00 00 00 00 00 00 00 00 00 00 07 00 00 2 2 2 2 1 0 4
05 00 04 00 03 00 00 05 00 02 00 00 00 00 00 00 00 00 00 00 00 00 00 00 00 00 00 00 00 00 00 00 00 00 00 00 00 00 00 01 00 00 00 00 00 00 00 07 00 00 0 2 2 2 1 1 4
05 00 04 00 03 00 00 05 00 02 00 00 00 00 00 00 00 00 00 00 00 00 00 00 00 00 00 00 00 00 00 00 00 00 00 00 00 00 00 00 00 00 00 01 00 00 00 07 00 00 0 0 2 2 1 2 4
05 00 04 00 03 00 00 05 00 02 00 00 00 00 00 00 00 00 00 00 00 00 00 00 00 00 00 00 00 00 00 00 00 00 00 00 00 00 00 00 00 00 00 00 00 00 00 08 00 00 0 0 0 2 1 3 4
05 00 04 00 03 00 00 05 00 01 00 00 00 01 00 00 00 00 00 00 00 00 00 00 00 00 00 00 00 00 00 00 00 00 00 00 00 00 00 00 00 00 00 00 00 00 00 08 00 00 2 5 0 0 0 0 2
05 00 03 00 03 00 00 05 00 01 00 00 00 01 00 00 00 00 00 00 00 00 00 00 00 00 00 00 00 00 00 00 00 00 00 00 00 00 00 00 00 00 00 00 00 00 00 08 00 00 0 5 0 0 0 1 2
05 00 03 00 02 00 00 05 00 01 00 00 00 01 00 00 00 00 00 00 00 00 00 00 00 00 00 00 00 00 00 00 00 00 00 00 00 00 00 00 00 00 00 00 00 00 00 08 00 00 2 1 0 0 1 0 2
05 00 03 00 02 00 00 05 00 01 00 00 00 00 00 00 00 01 00 00 00 00 00 00 00 00 00 00 00 00 00 00 00 00 00 00 00 00 00 00 00 00 00 00 00 00 00 08 00 00 0 1 0 0 1 1 2
05 00 03 00 02 00 00 05 00 01 00 00 00 00 00 00 00 00 00 01 00 00 00 00 00 00 00 00 00 00 00 00 00 00 00 00 00 00 00 00 00 00 00 00 00 00 00 08 00 00 1 5 0 0 0 0 2
05 00 03 00 01 00 00 05 00 01 00 00 00 00 00 00 00 00 00 01 00 00 00 00 00 00 00 00 00 00 00 00 00 00 00 00 00 00 00 00 00 00 00 00 00 00 00 08 00 00 1 0 0 0 0 1 2
04 00 03 00 01 00 00 05 00 01 00 00 00 00 00 00 00 00 00 01 00 00 00 00 00 00 00 00 00 00 00 00 00 00 00 00 00 00 00 00 00 00 00 00 00 00 00 08 00 00 2 2 2 2 1 0 4
04 00 03 00 01 00 00 05 00 01 00 00 00 00 00 00 00 00 00 00 00 00 00 01 00 00 00 00 00 00 00 00 00 00 00 00 00 00 00 00 00 00 00 00 00 00 00 08 00 00 0 2 2 2 1 1 4
04 00 03 00 01 00 00 05 00 01 00 00 00 00 00 00 00 00 00 00 00 00 00 00 00 00 00 01 00 00 00 00 00 00 00 00 00 00 00 00 00 00 00 00 00 00 00 08 00 00 0 0 2 2 1 2 4
04 00 03 00 01 00 00 05 00 01 00 00 00 00 00 00 00 00 00 00 00 00 00 00 00 00 00 00 00 00 00 01 00 00 00 00 00 00 00 00 00 00 00 00 00 00 00 08 00 00 0 0 0 2 1 3 4
04 00 03 00 01 00 00 05 00 01 00 00 00 00 00 00 00 00 00 00 00 00 00 00 00 00 00 00 00 00 00 00 00 00 00 01 00 00 00 00 00 00 00 00 00 00 00 08 00 00 4 4 4 4 0 0 4
04 00 03 00 00 00 00 05 00 01 00 00 00 00 00 00 00 00 00 00 00 00 00 00 00 00 00 00 00 00 00 00 00 00 00 01 00 00 00 00 00 00 00 00 00 00 00 08 00 00 0 4 4 4 0 1 4
04 00 02 00 00 00 00 05 00 01 00 00 00 00 00 00 00 00 00 00 00 00 00 00 00 00 00 00 00 00 00 00 00 00 00 01 00 00 00 00 00 00 00 00 00 00 00 08 00 00 0 0 4 4 0 2 4
04 00 01 00 00 00 00 05 00 01 00 00 00 00 00 00 00 00 00 00 00 00 00 00 00 00 00 00 00 00 00 00 00 00 00 01 00 00 00 00 00 00 00 00 00 00 00 08 00 00 0 0 0 4 0 3 4
04 00 00 00 00 00 00 05 00 01 00 00 00 00 00 00 00 00 00 00 00 00 00 00 00 00 00 00 00 00 00 00 00 00 00 01 00 00 00 00 00 00 00 00 00 00 00 08 00 00 3 3 3 3 1 0 4
04 00 00 00 00 00 00 05 00 01 00 00 00 00 00 00 00 00 00 00 00 00 00 00 00 00 00 00 00 00 00 00 00 00 00 00 00 00 00 00 00 01 00 00 00 00 00 08 00 00 0 3 3 3 1 1 4
04 00 00 00 00 00 00 05 00 01 00 00 00 00 00 00 00 00 00 00 00 00 00 00 00 00 00 00 00 00 00 00 00 00 00 00 00 00 00 00 00 00 00 00 00 00 00 09 00 00 0 0 3 3 1 2 4
04 00 00 00 00 00 00 05 00 00 00 00 00 00 00 01 00 00 00 00 00 00 00 00 00 00 00 00 00 00 00 00 00 00 00 00 00 00 00 00 00 00 00 00 00 00 00 09 00 00 0 0 0 3 1 3 4
04 00 00 00 00 00 00 05 00 00 00 00 00 00 00 00 00 00 00 00 00 01 00 00 00 00 00 00 00 00 00 00 00 00 00 00 00 00 00 00 00 00 00 00 00 00 00 09 00 00 6 4 0 0 0 0 2
03 00 00 00 00 00 00 05 00 00 00 00 00 00 00 00 00 00 00 00 00 01 00 00 00 00 00 00 00 00 00 00 00 00 00 00 00 00 00 00 00 00 00 00 00 00 00 09 00 00 0 4 0 0 0 1 2
02 00 00 00 00 00 00 05 00 00 00 00 00 00 00 00 00 00 00 00 00 01 00 00 00 00 00 00 00 00 00 00 00 00 00 00 00 00 00 00 00 00 00 00 00 00 00 09 00 00 6 6 6 6 1 0 4
02 00 00 00 00 00 00 05 00 00 00 00 00 00 00 00 00 00 00 00 00 00 00 00 00 00 00 00 00 00 00 00 00 01 00 00 00 00 00 00 00 00 00 00 00 00 00 09 00 00 0 6 6 6 1 1 4
02 00 00 00 00 00 00 05 00 00 00 00 00 00 00 00 00 00 00 00 00 00 00 00 00 00 00 00 00 00 00 00 00 00 00 00 00 00 00 00 00 00 00 00 00 01 00 09 00 00 0 0 6 6 1 2 4
02 00 00 00 00 00 00 04 00 00 00 00 00 00 00 00 00 00 00 01 00 00 00 00 00 00 00 00 00 00 00 00 00 00 00 00 00 00 00 00 00 00 00 00 00 01 00 09 00 00 0 0 0 6 1 3 4
02 00 00 00 00 00 00 04 00 00 00 00 00 00 00 00 00 00 00 00 00 00 00 00 00 00 00 00 00 00 00 01 00 00 00 00 00 00 00 00 00 00 00 00 00 01 00 09 00 00 3 3 3 3 0 0 4
01 00 00 00 00 00 00 04 00 00 00 00 00 00 00 00 00 00 00 00 00 00 00 00 00 00 00 00 00 00 00 01 00 00 00 00 00 00 00 00 00 00 00 00 00 01 00 09 00 00 0 3 3 3 0 1 4
00 00 00 00 00 00 00 04 00 00 00 00 00 00 00 00 00 00 00 00 00 00 00 00 00 00 00 00 00 00 00 01 00 00 00 00 00 00 00 00 00 00 00 00 00 01 00 09 00 00 0 0 3 3 0 2 4
00 00 00 00 00 00 00 04 00 00 00 00 00 00 00 00 00 00 00 00 00 00 00 00 00 00 00 00 00 00 00 01 00 00 00 00 00 00 00 00 00 00 00 00 00 01 00 09 00 00 0 0 3 3 0 3 4
